126
128
378
0
1
2
3
4
5
6
7
8
9
10
11
12
13
14
15
16
17
18
19
20
21
22
23
24
25
26
27
28
29
30
31
32
33
34
35
36
37
38
39
40
41
42
43
44
45
46
47
48
49
50
51
52
53
54
55
56
57
58
59
60
61
62
63
64
65
66
67
68
69
70
71
72
73
74
75
76
77
78
79
80
81
82
83
84
85
86
87
88
89
90
91
92
93
94
95
96
97
98
99
100
101
102
103
104
105
106
107
108
109
110
111
112
113
114
115
116
117
118
119
120
121
122
123
124
125
0
1
2
3
4
5
6
7
8
9
10
11
12
13
14
15
16
17
18
19
20
21
22
23
24
25
26
27
28
29
30
31
32
33
34
35
36
37
38
39
40
41
42
43
44
45
46
47
48
49
50
51
52
53
54
55
56
57
58
59
60
61
62
63
64
65
66
67
68
69
70
71
72
73
74
75
76
77
78
79
80
81
82
83
84
85
86
87
88
89
90
91
92
93
94
95
96
97
98
99
100
101
102
103
104
105
106
107
108
109
110
111
112
113
114
115
116
117
118
119
120
121
122
123
124
125
0
1
2
3
4
5
6
7
8
9
10
11
12
13
14
15
16
17
18
19
20
21
22
23
24
25
26
27
28
29
30
31
32
33
34
35
36
37
38
39
40
41
42
43
44
45
46
47
48
49
50
51
52
53
54
55
56
57
58
59
60
61
62
63
64
65
66
67
68
69
70
71
72
73
74
75
76
77
78
79
80
81
82
83
84
85
86
87
88
89
90
91
92
93
94
95
96
97
98
99
100
101
102
103
104
105
106
107
108
109
110
111
112
113
114
115
116
117
118
119
120
121
122
123
124
125
0
1
2
3
4
5
6
7
8
9
10
11
12
13
14
15
16
17
18
19
20
21
22
23
24
25
26
27
28
29
30
31
32
33
34
35
36
37
38
39
40
41
42
43
44
45
46
47
48
49
50
51
52
53
54
55
56
57
58
59
60
61
62
63
64
65
66
67
68
69
70
71
72
73
74
75
76
77
78
79
80
81
82
83
84
85
86
87
88
89
90
91
92
93
94
95
96
97
98
99
100
101
102
103
104
105
106
107
108
109
110
111
112
113
114
115
116
117
118
119
120
121
122
123
124
125
126
252
378
1
1
1
1
1
1
1
1
1
1
1
1
1
1
1
1
1
1
1
1
1
1
1
1
1
1
1
1
1
1
1
1
1
1
1
1
1
1
1
1
1
1
1
1
1
1
1
1
1
1
1
1
1
1
1
1
1
1
1
1
1
1
1
1
1
1
1
1
1
1
1
1
1
1
1
1
1
1
1
1
1
1
1
1
1
1
1
1
1
1
1
1
1
1
1
1
1
1
1
1
1
1
1
1
1
1
1
1
1
1
1
1
1
1
1
1
1
1
1
1
1
1
1
1
1
1
1
1
1
1
1
1
1
1
1
1
1
1
1
1
1
1
1
1
1
1
1
1
1
1
1
1
1
1
1
1
1
1
1
1
1
1
1
1
1
1
1
1
1
1
1
1
1
1
1
1
1
1
1
1
1
1
1
1
1
1
1
1
1
1
1
1
1
1
1
1
1
1
1
1
1
1
1
1
1
1
1
1
1
1
1
1
1
1
1
1
1
1
1
1
1
1
1
1
1
1
1
1
1
1
1
1
1
1
1
1
1
1
1
1
1
1
1
1
1
1
1
1
1
1
1
1
-0.961933415919883
-0.292525722878467
0.258788216241252
-1.15213188591513
0.195782826286375
0.0301239446016315
0.0854177316122717
1.11661021271527
-1.21885741557799
1.26736872208989
-0.744781596135141
-1.13121857083574
-0.716358490032977
0.252652369646215
0.152045706655596
-0.30765642967842
-0.953017330908122
-0.64824281144847
1.22431362428059
0.19981160798297
-0.578483721859972
-0.942300733477539
-0.203728179661995
-1.66647484003016
-0.484455109150991
-0.741072660721595
1.16061577924134
1.01206712493423
-0.0720784740865598
-1.13678229809932
0.90062472898267
0.851770447092221
0.72771517415448
0.73650214568861
-0.352129616945692
0.705515513485513
1.30035798873208
0.0382520141442711
-0.979283769996279
0.793761230872534
0.786506872009449
-0.3104631309593
1.6988848455591
-0.794593708549281
0.348437716180028
-2.26540107351778
-0.162205279028246
1.13086499145889
-0.455545976260457
-0.899166315538872
0.726838901731248
-0.809440901865235
0.267085115955233
-1.73726371053359
-1.41142513580887
-0.453551226778487
-1.03549127536806
1.36214289325929
0.917456736975022
-0.785142161076832
0.573518173147265
0.918196207737772
0.256287272985725
0.351966555937571
1.1743373570956
-0.480846375289203
-0.418829722135601
0.955112803220351
-1.28900661094787
0.186197433075043
-0.0313255019472277
0.46709730984657
1.02419767420456
0.267358452234395
0.2318261028602
0.747592464522409
1.21706851052422
0.383358345168268
-0.988052821592123
-0.156852910196835
1.73553521624809
-0.352298305500082
0.68864004412573
1.22440609580274
0.794296303303488
-0.00640239842172925
0.219150635166991
-0.886463751005381
0.439760291371926
-0.886389750665543
-0.853818454354972
-0.989994330748501
-0.650877736923895
1.05394666049401
-0.39087803343083
-0.0705863936100801
-0.462050809497045
0.540908266990262
0.931634970926501
-0.209274345208391
0.61735004847214
-0.40507751269335
1.05310376278932
0.602284246232936
1.01746117679617
0.608167318012025
0.206735995446507
-1.89772729179401
-0.68258283167826
0.48133841544876
-0.46303103800246
-0.279741695780017
-0.413690144551152
1.61876652099431
-0.721055710863809
-0.453093157328089
0.014257160811718
0.215764621195314
0.188870195293106
-0.0501484943351056
-1.49541963191881
0.367837752833598
0.517144022175576
-0.484335465051033
0.67485561592317
-0.762448605232066
