42
42
42
0
1
2
3
4
5
6
7
8
9
10
11
12
13
14
15
16
17
18
19
20
21
22
23
24
25
26
27
28
29
30
31
32
33
34
35
36
37
38
39
40
41
0
1
2
3
4
5
6
7
8
9
10
11
12
13
14
15
16
17
18
19
20
21
22
23
24
25
26
27
28
29
30
31
32
33
34
35
36
37
38
39
40
41
42
0.222338731940792
0.311663128659906
0.311663128659906
0.311663128659906
0.311663128659906
0.311663128659906
0.254806489260686
0.317859898238909
0.254806489260686
0.317859898238909
0.254806489260686
0.317859898238909
0.254806489260686
0.317859898238909
0.254806489260686
0.317859898238909
0.327839798888259
0.327839798888259
0.327839798888259
0.327839798888259
0.327839798888259
0.327839798888259
0.327839798888258
0.327839798888259
0.327839798888259
0.327839798888259
0.317859898238909
0.254806489260686
0.317859898238909
0.254806489260686
0.317859898238909
0.254806489260686
0.317859898238909
0.254806489260686
0.317859898238909
0.254806489260686
0.311663128659906
0.311663128659906
0.311663128659906
0.311663128659906
0.311663128659906
0.222338731940792
