42
42
162
0
1
2
3
4
5
1
2
5
6
7
15
2
3
7
8
9
3
4
9
10
11
4
5
11
12
13
5
13
14
15
6
7
15
16
25
7
8
16
17
8
9
17
18
9
10
18
19
10
11
19
20
11
12
20
21
12
13
21
22
13
14
22
23
14
15
23
24
15
24
25
16
17
25
26
27
17
18
27
28
18
19
28
29
19
20
29
30
20
21
30
31
21
22
31
32
22
23
32
33
23
24
33
34
24
25
34
35
25
26
35
26
27
35
36
40
27
28
36
28
29
36
37
29
30
37
30
31
37
38
31
32
38
32
33
38
39
33
34
39
34
35
39
40
35
40
36
37
40
41
37
38
41
38
39
41
39
40
41
40
41
41
0
6
12
17
22
27
31
36
40
44
48
52
56
60
64
68
71
76
80
84
88
92
96
100
104
108
111
116
119
123
126
130
133
137
140
144
146
150
153
156
159
161
162
3.4484909680809
-0.68969819361618
-0.68969819361618
-0.68969819361618
-0.68969819361618
-0.68969819361618
3.38100672392512
-0.566390366325934
-0.566390366325934
-0.835677009372112
-0.361425394142478
-0.361425394142478
3.38100672392512
-0.566390366325934
-0.361425394142478
-0.835677009372112
-0.361425394142478
3.38100672392512
-0.566390366325934
-0.361425394142478
-0.835677009372112
-0.361425394142478
3.38100672392512
-0.566390366325934
-0.361425394142478
-0.835677009372112
-0.361425394142478
3.38100672392512
-0.361425394142478
-0.835677009372112
-0.361425394142478
3.45507770733954
-0.752680062845746
-0.752680062845746
-0.557020286137967
-0.557020286137967
3.34225148625238
-0.752680062845746
-0.557020286137967
-0.557020286137967
3.45507770733954
-0.752680062845746
-0.557020286137967
-0.557020286137967
3.34225148625238
-0.752680062845746
-0.557020286137967
-0.557020286137967
3.45507770733954
-0.752680062845746
-0.557020286137967
-0.557020286137967
3.34225148625238
-0.752680062845746
-0.557020286137968
-0.557020286137967
3.45507770733954
-0.752680062845746
-0.557020286137968
-0.557020286137967
3.34225148625238
-0.752680062845746
-0.557020286137967
-0.557020286137967
3.45507770733954
-0.752680062845746
-0.557020286137967
-0.557020286137967
3.34225148625238
-0.557020286137967
-0.557020286137967
3.26005991831273
-0.515989386880432
-0.515989386880431
-0.557020286137967
-0.557020286137967
3.26005991831273
-0.515989386880432
-0.557020286137967
-0.557020286137967
3.26005991831273
-0.515989386880432
-0.557020286137967
-0.557020286137967
3.26005991831273
-0.515989386880432
-0.557020286137967
-0.557020286137967
3.26005991831273
-0.515989386880431
-0.557020286137967
-0.557020286137967
3.26005991831273
-0.515989386880432
-0.557020286137966
-0.557020286137967
3.26005991831273
-0.515989386880432
-0.557020286137966
-0.557020286137967
3.26005991831273
-0.515989386880432
-0.557020286137967
-0.557020286137967
3.26005991831273
-0.515989386880432
-0.557020286137967
-0.557020286137967
3.26005991831273
-0.557020286137967
-0.557020286137967
3.34225148625238
-0.752680062845746
-0.752680062845746
-0.361425394142478
-0.361425394142478
3.45507770733954
-0.752680062845747
-0.835677009372112
3.34225148625238
-0.752680062845746
-0.361425394142478
-0.361425394142478
3.45507770733954
-0.752680062845746
-0.835677009372112
3.34225148625238
-0.752680062845746
-0.361425394142478
-0.361425394142478
3.45507770733954
-0.752680062845746
-0.835677009372112
3.34225148625238
-0.752680062845746
-0.361425394142478
-0.361425394142478
3.45507770733954
-0.752680062845746
-0.835677009372112
3.34225148625238
-0.752680062845746
-0.361425394142478
-0.361425394142478
3.45507770733954
-0.835677009372112
3.38100672392512
-0.566390366325934
-0.566390366325934
-0.68969819361618
3.38100672392512
-0.566390366325934
-0.68969819361618
3.38100672392512
-0.566390366325934
-0.68969819361618
3.38100672392512
-0.566390366325934
-0.68969819361618
3.38100672392512
-0.68969819361618
3.4484909680809
