42
42
372
0
1
2
3
4
5
6
7
8
9
10
11
12
13
14
15
1
2
3
4
5
6
7
8
9
13
14
15
16
17
24
25
2
3
4
5
6
7
8
9
10
11
15
16
17
18
19
3
4
5
7
8
9
10
11
12
13
18
19
20
21
4
5
9
10
11
12
13
14
15
20
21
22
23
5
6
7
11
12
13
14
15
22
23
24
25
6
7
8
14
15
16
17
24
25
26
27
35
7
8
9
15
16
17
18
25
26
27
28
8
9
10
16
17
18
19
27
28
29
9
10
11
17
18
19
20
28
29
30
10
11
12
18
19
20
21
29
30
31
11
12
13
19
20
21
22
30
31
32
12
13
14
20
21
22
23
31
32
33
13
14
15
21
22
23
24
32
33
34
14
15
22
23
24
25
33
34
35
15
16
23
24
25
26
34
35
16
17
18
24
25
26
27
28
35
36
40
17
18
19
25
26
27
28
29
36
37
18
19
20
27
28
29
30
36
37
19
20
21
28
29
30
31
37
38
20
21
22
29
30
31
32
37
38
21
22
23
30
31
32
33
38
39
22
23
24
31
32
33
34
38
39
23
24
25
32
33
34
35
39
40
24
25
26
33
34
35
39
40
25
26
27
34
35
36
40
26
27
28
34
35
36
37
39
40
41
27
28
29
35
36
37
40
41
28
29
30
36
37
38
40
41
29
30
31
36
37
38
41
30
31
32
36
37
38
39
41
31
32
33
37
38
39
41
32
33
34
37
38
39
40
41
33
34
35
38
39
40
41
34
35
36
38
39
40
41
35
36
39
40
41
36
37
38
39
40
41
37
38
39
40
41
38
39
40
41
39
40
41
40
41
41
0
16
32
47
61
74
86
98
109
119
129
139
149
159
169
178
186
197
207
216
225
234
243
252
261
269
276
286
294
302
309
317
324
332
339
346
351
357
362
366
369
371
372
61.1177365451026
-15.672507766315
-15.672507766315
-15.672507766315
-15.672507766315
-15.672507766315
1.84932021406825
1.59964024322619
1.84932021406825
1.59964024322619
1.84932021406825
1.59964024322619
1.84932021406825
1.59964024322619
1.84932021406825
1.59964024322619
44.4388140545531
-9.73829829606591
3.16876472102467
3.16876472102467
-9.7382982960659
-18.6854273147002
-4.59582385843534
2.37453062390998
0.656824123752012
0.656824123752012
2.37453062390998
-4.59582385843534
2.4601983814697
0.633364817575869
0.633364817575869
2.4601983814697
44.4388140545532
-9.73829829606591
3.16876472102467
3.16876472102467
2.37453062390998
-4.59582385843534
-18.6854273147002
-4.59582385843534
2.37453062390998
0.656824123752012
0.656824123752012
0.633364817575869
2.4601983814697
2.4601983814697
0.633364817575869
44.4388140545532
-9.73829829606591
3.16876472102467
0.656824123752013
2.37453062390998
-4.59582385843534
-18.6854273147002
-4.59582385843534
2.37453062390998
0.656824123752012
0.633364817575869
2.4601983814697
2.4601983814697
0.633364817575868
44.4388140545532
-9.7382982960659
0.656824123752012
2.37453062390998
-4.59582385843534
-18.6854273147002
-4.59582385843534
2.37453062390998
0.656824123752012
0.633364817575869
2.4601983814697
2.4601983814697
0.633364817575869
44.4388140545531
2.37453062390998
0.656824123752012
0.656824123752012
2.37453062390998
-4.59582385843534
-18.6854273147002
-4.59582385843534
0.633364817575869
2.4601983814697
2.4601983814697
0.633364817575869
54.5477206543986
-16.2048556527662
1.78231755608147
1.78231755608147
-16.2048556527662
-10.8963246713347
2.19570088269805
2.19570088269805
-10.8963246713347
1.89282448452804
0.946412242264021
0.946412242264021
42.3211138253147
-16.2048556527662
2.64249587284634
2.64249587284633
-8.87393809340233
-8.87393809340233
2.52209608920708
2.52209608920708
0.946412242264021
1.89282448452804
0.946412242264021
54.5477206543986
-16.2048556527662
1.78231755608147
2.19570088269805
-10.8963246713347
-10.8963246713347
2.19570088269805
0.946412242264021
1.89282448452804
0.946412242264021
42.3211138253147
-16.2048556527662
2.64249587284633
2.52209608920708
-8.87393809340234
-8.87393809340233
2.52209608920708
0.946412242264021
1.89282448452804
0.946412242264021
54.5477206543986
-16.2048556527662
1.78231755608147
2.19570088269805
-10.8963246713347
-10.8963246713346
2.19570088269805
0.946412242264021
1.89282448452804
0.946412242264021
42.3211138253147
-16.2048556527662
2.64249587284634
2.52209608920708
-8.87393809340234
-8.87393809340232
2.52209608920708
0.946412242264022
1.89282448452804
0.946412242264021
54.5477206543986
-16.2048556527662
1.78231755608147
2.19570088269805
-10.8963246713347
-10.8963246713346
2.19570088269805
0.946412242264021
1.89282448452804
0.946412242264021
42.3211138253147
-16.2048556527662
2.64249587284634
2.52209608920709
-8.87393809340234
-8.87393809340233
2.52209608920708
0.946412242264021
1.89282448452804
0.946412242264021
54.5477206543986
-16.2048556527662
2.19570088269805
-10.8963246713347
-10.8963246713347
2.19570088269805
0.946412242264021
1.89282448452804
0.946412242264021
42.3211138253147
2.52209608920708
2.52209608920708
-8.87393809340234
-8.87393809340233
0.946412242264021
0.946412242264021
1.89282448452804
38.4300876110143
-8.06826057085942
0.812119359138551
0.81211935913855
-8.06826057085941
-8.87393809340233
-10.8963246713346
2.52209608920708
2.19570088269805
2.4601983814697
0.633364817575869
38.4300876110143
-8.06826057085943
0.812119359138551
0.81211935913855
2.52209608920708
-10.8963246713346
-8.87393809340233
2.19570088269805
2.4601983814697
0.633364817575869
38.4300876110143
-8.06826057085943
0.812119359138551
2.19570088269805
-8.87393809340233
-10.8963246713346
2.52209608920708
0.633364817575868
2.4601983814697
38.4300876110143
-8.06826057085942
0.812119359138549
2.52209608920708
-10.8963246713346
-8.87393809340233
2.19570088269805
2.4601983814697
0.633364817575869
38.4300876110143
-8.06826057085941
0.81211935913855
2.19570088269805
-8.87393809340232
-10.8963246713347
2.52209608920708
0.633364817575868
2.4601983814697
38.4300876110143
-8.06826057085944
0.812119359138552
2.52209608920708
-10.8963246713346
-8.87393809340233
2.19570088269805
2.4601983814697
0.633364817575869
38.4300876110143
-8.06826057085943
0.812119359138551
2.19570088269805
-8.87393809340231
-10.8963246713346
2.52209608920708
0.633364817575868
2.4601983814697
38.4300876110143
-8.06826057085943
0.812119359138551
2.52209608920708
-10.8963246713346
-8.87393809340233
2.19570088269805
2.4601983814697
0.633364817575868
38.4300876110143
-8.06826057085942
2.52209608920708
2.19570088269805
-8.87393809340233
-10.8963246713346
0.633364817575868
2.4601983814697
38.4300876110143
-8.87393809340232
2.19570088269805
2.52209608920708
-10.8963246713346
0.633364817575869
2.4601983814697
42.3211138253147
-16.2048556527662
2.64249587284634
2.64249587284634
-16.2048556527662
-4.59582385843534
0.656824123752013
0.656824123752012
-4.59582385843534
1.59964024322619
54.5477206543986
-16.2048556527663
1.78231755608147
1.78231755608147
-18.6854273147002
2.37453062390998
2.37453062390998
1.84932021406825
42.3211138253147
-16.2048556527663
2.64249587284634
-4.59582385843534
-4.59582385843534
0.656824123752012
0.656824123752012
1.59964024322619
54.5477206543987
-16.2048556527663
1.78231755608147
2.37453062390998
-18.6854273147002
2.37453062390998
1.84932021406825
42.3211138253147
-16.2048556527663
2.64249587284634
0.656824123752012
-4.59582385843534
-4.59582385843534
0.656824123752012
1.59964024322619
54.5477206543987
-16.2048556527663
1.78231755608147
2.37453062390998
-18.6854273147002
2.37453062390998
1.84932021406825
42.3211138253147
-16.2048556527663
2.64249587284634
0.656824123752012
-4.59582385843534
-4.59582385843534
0.656824123752012
1.59964024322619
54.5477206543986
-16.2048556527663
1.78231755608147
2.37453062390998
-18.6854273147002
2.37453062390998
1.84932021406825
42.3211138253147
-16.2048556527663
0.656824123752012
0.656824123752012
-4.59582385843534
-4.59582385843534
1.59964024322619
54.5477206543986
2.37453062390998
2.37453062390998
-18.6854273147002
1.84932021406825
44.4388140545532
-9.7382982960659
3.16876472102467
3.16876472102467
-9.7382982960659
-15.6725077663149
44.4388140545532
-9.7382982960659
3.16876472102467
3.16876472102467
-15.6725077663149
44.4388140545532
-9.73829829606591
3.16876472102467
-15.6725077663149
44.4388140545532
-9.73829829606591
-15.6725077663149
44.4388140545532
-15.6725077663149
61.1177365451025
