42
42
612
0
1
2
3
4
5
6
7
8
9
10
11
12
13
14
15
16
17
18
19
20
21
22
23
24
25
1
2
3
4
5
6
7
8
9
10
11
12
13
14
15
16
17
18
19
22
23
24
25
26
27
28
34
35
2
3
4
5
6
7
8
9
10
11
12
13
14
15
16
17
18
19
20
21
24
25
26
27
28
29
30
3
4
5
6
7
8
9
10
11
12
13
14
15
16
17
18
19
20
21
22
23
28
29
30
31
32
4
5
6
7
8
9
10
11
12
13
14
15
18
19
20
21
22
23
24
25
30
31
32
33
34
5
6
7
8
9
10
11
12
13
14
15
16
17
20
21
22
23
24
25
26
32
33
34
35
6
7
8
9
13
14
15
16
17
18
23
24
25
26
27
28
34
35
36
40
7
8
9
10
11
13
14
15
16
17
18
19
24
25
26
27
28
29
35
36
37
40
8
9
10
11
15
16
17
18
19
20
25
26
27
28
29
30
36
37
9
10
11
12
13
15
16
17
18
19
20
21
27
28
29
30
31
36
37
38
10
11
12
13
17
18
19
20
21
22
28
29
30
31
32
37
38
11
12
13
14
15
18
19
20
21
22
23
29
30
31
32
33
37
38
39
12
13
14
15
19
20
21
22
23
24
30
31
32
33
34
38
39
13
14
15
20
21
22
23
24
25
31
32
33
34
35
38
39
40
14
15
16
21
22
23
24
25
26
32
33
34
35
39
40
15
16
17
22
23
24
25
26
27
33
34
35
36
39
40
16
17
18
19
23
24
25
26
27
28
29
34
35
36
37
39
40
41
17
18
19
20
24
25
26
27
28
29
30
35
36
37
38
40
41
18
19
20
21
25
26
27
28
29
30
31
36
37
38
40
41
19
20
21
22
27
28
29
30
31
32
36
37
38
39
41
20
21
22
23
28
29
30
31
32
33
36
37
38
39
41
21
22
23
24
29
30
31
32
33
34
37
38
39
40
41
22
23
24
25
30
31
32
33
34
35
37
38
39
40
41
23
24
25
26
31
32
33
34
35
36
38
39
40
41
24
25
26
27
32
33
34
35
36
38
39
40
41
25
26
27
28
33
34
35
36
37
39
40
41
26
27
28
29
30
32
33
34
35
36
37
38
39
40
41
27
28
29
30
34
35
36
37
38
39
40
41
28
29
30
31
32
34
35
36
37
38
39
40
41
29
30
31
32
36
37
38
39
40
41
30
31
32
33
34
36
37
38
39
40
41
31
32
33
34
36
37
38
39
40
41
32
33
34
35
36
37
38
39
40
41
33
34
35
36
37
38
39
40
41
34
35
36
37
38
39
40
41
35
36
37
38
39
40
41
36
37
38
39
40
41
37
38
39
40
41
38
39
40
41
39
40
41
40
41
41
0
26
54
81
107
132
156
176
198
216
236
253
272
289
306
321
336
354
371
387
402
417
432
447
461
474
486
501
513
526
536
547
557
567
576
584
591
597
602
606
609
611
612
1121.35403491736
-312.346914005369
-312.346914005369
-312.346914005369
-312.346914005368
-312.346914005369
59.5237275250639
42.2442458359375
59.5237275250639
42.2442458359375
59.5237275250639
42.2442458359375
59.5237275250639
42.2442458359376
59.5237275250639
42.2442458359376
-6.84593316955206
-6.84593316955206
-6.84593316955206
-6.84593316955206
-6.84593316955207
-6.84593316955206
-6.84593316955206
-6.84593316955206
-6.84593316955206
-6.84593316955206
637.829052837517
-146.854131493132
94.184057372405
94.184057372405
-146.854131493132
-359.117661211764
-45.640409597418
66.5607508104444
7.51068930840727
-10.0518922883532
-7.34942271269355
-10.0518922883532
7.51068930840726
66.5607508104444
-45.640409597418
68.4964676972717
5.28900797465901
-7.33872924254782
-1.15102396804921
-1.15102396804921
-7.33872924254782
5.28900797465903
68.4964676972717
-8.36006129243324
-5.25615701376628
-1.07612636754966
-1.07612636754966
-5.25615701376628
637.829052837518
-146.854131493132
94.184057372405
94.184057372405
66.5607508104444
-45.6404095974179
-359.117661211764
-45.640409597418
66.5607508104445
7.51068930840727
-10.0518922883532
-7.34942271269355
-10.0518922883532
7.51068930840727
5.28900797465902
68.4964676972717
68.4964676972717
5.28900797465902
-7.33872924254782
-1.15102396804921
-1.15102396804921
-7.33872924254782
-1.07612636754966
-5.25615701376628
-8.36006129243324
-5.25615701376628
-1.07612636754966
637.829052837518
-146.854131493132
94.184057372405
-10.0518922883532
7.51068930840727
66.5607508104445
-45.6404095974179
-359.117661211764
-45.6404095974179
66.5607508104444
7.51068930840727
-10.0518922883532
-7.34942271269355
-1.15102396804921
-7.33872924254782
5.28900797465902
68.4964676972717
68.4964676972717
5.28900797465901
-7.33872924254782
-1.15102396804921
-1.07612636754966
-5.25615701376628
-8.36006129243325
-5.25615701376628
-1.07612636754966
637.829052837518
-146.854131493132
-10.0518922883532
-7.34942271269355
-10.0518922883532
7.51068930840727
66.5607508104445
-45.6404095974179
-359.117661211764
-45.6404095974179
66.5607508104444
7.51068930840727
-1.15102396804921
-7.33872924254782
5.28900797465903
68.4964676972718
68.4964676972717
5.28900797465902
-7.33872924254782
-1.15102396804921
-1.07612636754966
-5.25615701376628
-8.36006129243325
-5.25615701376628
-1.07612636754966
637.829052837518
66.5607508104444
7.51068930840726
-10.0518922883532
-7.34942271269355
-10.0518922883532
7.51068930840727
66.5607508104445
-45.640409597418
-359.117661211764
-45.640409597418
-7.33872924254782
-1.15102396804921
-1.15102396804921
-7.33872924254783
5.28900797465903
68.4964676972718
68.4964676972717
5.28900797465903
-1.07612636754966
-1.07612636754966
-5.25615701376628
-8.36006129243325
-5.25615701376628
903.520193262391
-303.08852242128
52.4424424370028
-8.01850242538406
-8.01850242538405
52.4424424370027
-303.08852242128
-190.892326299718
61.4163685448814
-7.35206841964406
-7.35206841964406
61.4163685448814
-190.892326299718
51.3385836996651
23.1337520899157
-6.52626665177628
-6.52626665177628
23.1337520899157
-5.25615701376628
-5.25615701376628
581.550432074447
-303.08852242128
75.9361751530556
-8.01850242538406
-0.761697153045036
-0.761697153045035
-8.01850242538405
75.9361751530555
-122.781317924762
-122.781317924762
68.1820672971068
-8.600276326013
-8.60027632601299
68.1820672971068
15.1522983061968
51.3385836996651
15.1522983061968
-6.52626665177628
-6.52626665177628
-8.36006129243324
-1.07612636754966
-1.07612636754966
903.520193262391
-303.08852242128
52.4424424370028
-8.01850242538406
-8.01850242538405
61.4163685448814
-190.892326299718
-190.892326299718
61.4163685448814
-7.35206841964406
-7.35206841964406
-6.52626665177628
23.1337520899157
51.3385836996651
23.1337520899157
-6.52626665177628
-5.25615701376628
-5.25615701376628
581.550432074447
-303.08852242128
75.9361751530555
-8.01850242538406
-0.761697153045035
-0.761697153045035
-8.600276326013
68.1820672971068
-122.781317924762
-122.781317924762
68.1820672971068
-8.60027632601299
-6.52626665177628
15.1522983061968
51.3385836996651
15.1522983061968
-6.52626665177628
-1.07612636754966
-8.36006129243325
-1.07612636754966
903.520193262391
-303.08852242128
52.4424424370028
-8.01850242538406
-7.35206841964406
61.4163685448814
-190.892326299718
-190.892326299718
61.4163685448813
-7.35206841964406
-6.52626665177628
23.1337520899157
51.3385836996651
23.1337520899157
-6.52626665177628
-5.25615701376628
-5.25615701376628
581.550432074447
-303.08852242128
75.9361751530556
-8.01850242538406
-0.761697153045036
-8.600276326013
68.1820672971068
-122.781317924762
-122.781317924761
68.1820672971068
-8.600276326013
-6.52626665177628
15.1522983061968
51.3385836996651
15.1522983061968
-6.52626665177628
-1.07612636754966
-8.36006129243324
-1.07612636754966
903.520193262391
-303.08852242128
52.4424424370028
-8.01850242538406
-7.35206841964406
61.4163685448814
-190.892326299718
-190.892326299718
61.4163685448814
-7.35206841964406
-6.52626665177628
23.1337520899157
51.3385836996651
23.1337520899157
-6.52626665177628
-5.25615701376628
-5.25615701376628
581.550432074447
-303.08852242128
75.9361751530556
-8.600276326013
68.1820672971069
-122.781317924762
-122.781317924762
68.1820672971068
-8.600276326013
-6.52626665177628
15.1522983061968
51.3385836996651
15.1522983061968
-6.52626665177628
-1.07612636754966
-8.36006129243325
-1.07612636754966
903.520193262391
-303.08852242128
-7.35206841964406
-7.35206841964407
61.4163685448814
-190.892326299718
-190.892326299718
61.4163685448814
-6.52626665177628
-6.52626665177628
23.1337520899157
51.3385836996651
23.1337520899157
-5.25615701376628
-5.25615701376628
581.550432074447
68.1820672971068
-8.60027632601299
-8.600276326013
68.1820672971069
-122.781317924762
-122.781317924762
15.1522983061968
-6.52626665177628
-6.52626665177628
15.1522983061968
51.3385836996651
-1.07612636754966
-1.07612636754966
-8.36006129243325
486.290025590431
-111.843849386375
11.5548008522967
-1.27820042477045
-1.27820042477045
11.5548008522967
-111.843849386375
-122.781317924762
-190.892326299718
68.1820672971068
-7.35206841964406
-8.60027632601299
61.4163685448813
68.4964676972717
-7.33872924254782
-1.15102396804921
5.28900797465903
-6.84593316955206
486.290025590431
-111.843849386375
11.5548008522967
-1.27820042477045
-1.27820042477044
11.5548008522967
68.1820672971068
-190.892326299718
-122.781317924762
61.4163685448814
-8.600276326013
-7.35206841964405
68.4964676972717
5.28900797465902
-1.15102396804921
-7.33872924254781
-6.84593316955206
486.290025590431
-111.843849386375
11.5548008522967
-1.27820042477044
-1.27820042477044
-8.600276326013
61.4163685448814
-122.781317924762
-190.892326299718
68.1820672971068
-7.35206841964406
5.28900797465901
68.4964676972717
-7.33872924254782
-1.1510239680492
-6.84593316955206
486.290025590431
-111.843849386375
11.5548008522967
-1.27820042477045
-7.35206841964406
68.1820672971068
-190.892326299718
-122.781317924762
61.4163685448814
-8.600276326013
-7.33872924254782
68.4964676972717
5.28900797465902
-1.15102396804921
-6.84593316955206
486.290025590431
-111.843849386375
11.5548008522967
-1.27820042477045
-8.600276326013
61.4163685448813
-122.781317924762
-190.892326299718
68.1820672971068
-7.35206841964406
-1.15102396804921
5.28900797465901
68.4964676972718
-7.33872924254782
-6.84593316955206
486.290025590431
-111.843849386375
11.5548008522967
-1.27820042477045
-7.35206841964405
68.1820672971067
-190.892326299718
-122.781317924762
61.4163685448814
-8.60027632601301
-7.33872924254781
68.4964676972717
5.28900797465902
-1.15102396804921
-6.84593316955206
486.290025590431
-111.843849386375
11.5548008522967
-1.27820042477045
-8.600276326013
61.4163685448813
-122.781317924761
-190.892326299718
68.1820672971068
-7.35206841964406
-1.1510239680492
5.289007974659
68.4964676972717
-7.33872924254781
-6.84593316955205
486.290025590431
-111.843849386375
11.5548008522967
-8.600276326013
-7.35206841964406
68.1820672971068
-190.892326299718
-122.781317924762
61.4163685448814
-1.15102396804921
-7.33872924254781
68.4964676972717
5.28900797465902
-6.84593316955206
486.290025590431
-111.843849386375
68.1820672971067
-7.35206841964405
-8.600276326013
61.4163685448814
-122.781317924762
-190.892326299718
-7.33872924254781
-1.15102396804921
5.28900797465902
68.4964676972717
-6.84593316955206
486.290025590431
-122.781317924761
61.4163685448813
-8.60027632601299
-7.35206841964406
68.1820672971068
-190.892326299718
5.28900797465902
-1.15102396804921
-7.33872924254782
68.4964676972717
-6.84593316955206
581.550432074447
-303.08852242128
75.9361751530557
-8.01850242538407
-0.761697153045036
-0.761697153045036
-8.01850242538406
75.9361751530556
-303.08852242128
-45.640409597418
7.51068930840727
-7.34942271269355
7.51068930840727
-45.640409597418
42.2442458359376
903.520193262391
-303.088522421281
52.4424424370029
-8.01850242538407
-8.01850242538406
52.4424424370028
-359.117661211764
66.5607508104445
-10.0518922883532
-10.0518922883532
66.5607508104444
59.5237275250639
581.550432074448
-303.088522421281
75.9361751530557
-8.01850242538406
-0.761697153045035
-0.761697153045035
-8.01850242538406
-45.6404095974179
-45.640409597418
7.51068930840727
-7.34942271269355
7.51068930840726
42.2442458359375
903.520193262391
-303.088522421281
52.4424424370029
-8.01850242538406
66.5607508104444
-359.117661211764
66.5607508104444
-10.0518922883532
-10.0518922883532
59.5237275250639
581.550432074447
-303.088522421281
75.9361751530556
-8.01850242538406
-0.761697153045036
7.51068930840726
-45.640409597418
-45.640409597418
7.51068930840727
-7.34942271269355
42.2442458359375
903.520193262391
-303.08852242128
52.4424424370029
-8.01850242538406
-10.0518922883532
66.5607508104444
-359.117661211764
66.5607508104444
-10.0518922883532
59.5237275250639
581.550432074447
-303.088522421281
75.9361751530557
-8.01850242538406
-7.34942271269355
7.51068930840726
-45.6404095974179
-45.6404095974179
7.51068930840727
42.2442458359375
903.520193262391
-303.08852242128
52.4424424370028
-10.0518922883532
-10.0518922883532
66.5607508104444
-359.117661211764
66.5607508104444
59.5237275250638
581.550432074447
-303.08852242128
7.51068930840726
-7.34942271269355
7.51068930840726
-45.6404095974179
-45.640409597418
42.2442458359375
903.520193262391
66.5607508104444
-10.0518922883532
-10.0518922883532
66.5607508104444
-359.117661211764
59.5237275250639
637.829052837518
-146.854131493132
94.1840573724049
94.1840573724049
-146.854131493132
-312.346914005368
637.829052837518
-146.854131493132
94.1840573724049
94.1840573724049
-312.346914005368
637.829052837518
-146.854131493132
94.1840573724049
-312.346914005368
637.829052837518
-146.854131493132
-312.346914005368
637.829052837518
-312.346914005368
1121.35403491735
