-4.64933272900213
4.44059186565108
0.326541671562448
-1.70603522395266
1.29804247336563
-6.84018522400969
-3.65722001102833
-0.0344195098117049
0.516738710421812
8.41080050154581
4.33418062872645
-7.35120918646935
-6.95424295668796
-4.68581582755681
-4.9962269697049
-2.83666414149342
-4.95620738297437
-3.27732209181176
3.88399841143508
0.546152920929722
0.0521235398717783
1.85538897527849
-0.153616579896912
-7.52592663318449
-2.95000464726963
-0.894464869984272
7.22449168688061
10.9003727828291
0.449866349774161
-7.56250072003403
0.0785723581943682
4.31599959716349
4.25148544207528
3.5836226919435
3.26035693047982
7.62356285864627
3.6639723471337
-6.87688735847349
-12.7524127332526
-4.72402181614256
9.43510328024324
-4.0600455727901
6.26622645952041
1.15484137570024
6.48438308830198
-5.30701319899897
-6.73034425099874
-2.18282316691262
-2.9888012612978
-3.12587280750878
11.392359658701
1.73414670899319
5.90730777496005
-7.77386750758288
-7.34044632800042
-9.67986299937583
-5.49304696794226
2.16245380494504
-0.719851930746486
4.19083108062202
1.9092750922588
4.19839187073165
-1.81799198434495
1.18375113375752
-3.02669224502843
-9.73784648277915
-9.76042533987297
4.54895361499533
-6.97716168077691
7.82137413432
7.37547382264109
0.438297592981632
-0.816099839141133
-0.889279950035415
-5.16460024745253
-1.21694198137551
5.49704042097792
1.86068729930065
2.35782128855172
-0.660737057682087
1.04419846708285
-9.97820805084609
7.0388756582253
3.85363524813991
5.39371122877574
-1.13456154129051
10.8549706647954
-3.848798392071
-0.914684622132704
-6.99296184289958
-0.442580648247966
-4.7417452731265
3.99636956737022
8.66395230928481
2.21392463252888
-0.153872482091951
-4.16975589328314
-4.62363984849002
-2.09054182152546
-1.49517105844956
-2.81678657703334
8.07686214105014
7.30474513119341
-1.01841327240933
0.972313682740248
2.63049599087509
-4.84430262652251
-15.3808717432451
-5.12443656445215
7.10767770388871
-0.790256072606015
9.7180577627438
9.79795829852287
4.64364370262088
-8.47963886384099
-3.47514361730154
-9.02666247807655
0.078070370792959
-1.36348763357951
-0.494126668143711
1.61117379322366
2.97434798647565
-6.18062771303745
-7.53783152893511
5.69402081234721
-2.1563215846763
