./RGF CALL  492 16 2 7872

theta u : 
   4.5400e-05
   1.2182e+01
   2.7183e+00

q1s :
   6.2549  -0.7234  -0.7234  -0.7234  -0.7234  -0.7234        0        0        0        0        0
  -0.7234   7.4867  -0.5472        0        0  -0.5472  -0.9623  -0.4050        0        0        0
  -0.7234  -0.5472   7.4867  -0.5472        0        0        0  -0.4050  -0.9623  -0.4050        0
  -0.7234        0  -0.5472   7.4867  -0.5472        0        0        0        0  -0.4050  -0.9623
  -0.7234        0        0  -0.5472   7.4867  -0.5472        0        0        0        0        0
  -0.7234  -0.5472        0        0  -0.5472   7.4867        0        0        0        0        0
        0  -0.9623        0        0        0        0   7.7603  -0.6069        0        0        0
        0  -0.4050  -0.4050        0        0        0  -0.6069   7.6716  -0.6069        0        0
        0        0  -0.9623        0        0        0        0  -0.6069   7.7603  -0.6069        0
        0        0  -0.4050  -0.4050        0        0        0        0  -0.6069   7.6716  -0.6069
        0        0        0  -0.9623        0        0        0        0        0  -0.6069   7.7603
q2s :
   2.3010e+03  -4.3075e+02  -4.3075e+02  -4.3075e+02  -4.3075e+02  -4.3075e+02   2.6516e+01   2.2319e+01   2.6516e+01   2.2319e+01   2.6516e+01
  -4.3075e+02   2.2326e+03  -2.7679e+02   4.0855e+01   4.0855e+01  -2.7679e+02  -5.2921e+02  -1.9665e+02   2.8830e+01   8.4415e+00            0
  -4.3075e+02  -2.7679e+02   2.2326e+03  -2.7679e+02   4.0855e+01   4.0855e+01   2.8830e+01  -1.9665e+02  -5.2921e+02  -1.9665e+02   2.8830e+01
  -4.3075e+02   4.0855e+01  -2.7679e+02   2.2326e+03  -2.7679e+02   4.0855e+01            0   8.4415e+00   2.8830e+01  -1.9665e+02  -5.2921e+02
  -4.3075e+02   4.0855e+01   4.0855e+01  -2.7679e+02   2.2326e+03  -2.7679e+02            0            0            0   8.4415e+00   2.8830e+01
  -4.3075e+02  -2.7679e+02   4.0855e+01   4.0855e+01  -2.7679e+02   2.2326e+03   2.8830e+01   8.4415e+00            0            0            0
   2.6516e+01  -5.2921e+02   2.8830e+01            0            0   2.8830e+01   2.3017e+03  -3.1654e+02   1.3146e+01            0            0
   2.2319e+01  -1.9665e+02  -1.9665e+02   8.4415e+00            0   8.4415e+00  -3.1654e+02   2.1808e+03  -3.1654e+02   1.9679e+01            0
   2.6516e+01   2.8830e+01  -5.2921e+02   2.8830e+01            0            0   1.3146e+01  -3.1654e+02   2.3017e+03  -3.1654e+02   1.3146e+01
   2.2319e+01   8.4415e+00  -1.9665e+02  -1.9665e+02   8.4415e+00            0            0   1.9679e+01  -3.1654e+02   2.1808e+03  -3.1654e+02
   2.6516e+01            0   2.8830e+01  -5.2921e+02   2.8830e+01            0            0            0   1.3146e+01  -3.1654e+02   2.3017e+03
q3s :
   8.6918e+05  -2.0012e+05  -2.0012e+05  -2.0012e+05  -2.0012e+05  -2.0012e+05   2.2326e+04   1.8227e+04   2.2326e+04   1.8227e+04   2.2326e+04
  -2.0012e+05   6.8999e+05  -1.0708e+05   3.3980e+04   3.3980e+04  -1.0708e+05  -2.2482e+05  -7.3763e+04   2.2287e+04   5.3130e+03  -1.6803e+03
  -2.0012e+05  -1.0708e+05   6.8999e+05  -1.0708e+05   3.3980e+04   3.3980e+04   2.2287e+04  -7.3763e+04  -2.2482e+05  -7.3763e+04   2.2287e+04
  -2.0012e+05   3.3980e+04  -1.0708e+05   6.8999e+05  -1.0708e+05   3.3980e+04  -1.6803e+03   5.3130e+03   2.2287e+04  -7.3763e+04  -2.2482e+05
  -2.0012e+05   3.3980e+04   3.3980e+04  -1.0708e+05   6.8999e+05  -1.0708e+05  -1.6803e+03  -1.2604e+03  -1.6803e+03   5.3130e+03   2.2287e+04
  -2.0012e+05  -1.0708e+05   3.3980e+04   3.3980e+04  -1.0708e+05   6.8999e+05   2.2287e+04   5.3130e+03  -1.6803e+03  -1.2604e+03  -1.6803e+03
   2.2326e+04  -2.2482e+05   2.2287e+04  -1.6803e+03  -1.6803e+03   2.2287e+04   7.0828e+05  -1.2821e+05   9.3380e+03  -7.3570e+02            0
   1.8227e+04  -7.3763e+04  -7.3763e+04   5.3130e+03  -1.2604e+03   5.3130e+03  -1.2821e+05   6.3862e+05  -1.2821e+05   1.5153e+04  -7.3570e+02
   2.2326e+04   2.2287e+04  -2.2482e+05   2.2287e+04  -1.6803e+03  -1.6803e+03   9.3380e+03  -1.2821e+05   7.0828e+05  -1.2821e+05   9.3380e+03
   1.8227e+04   5.3130e+03  -7.3763e+04  -7.3763e+04   5.3130e+03  -1.2604e+03  -7.3570e+02   1.5153e+04  -1.2821e+05   6.3862e+05  -1.2821e+05
   2.2326e+04  -1.6803e+03   2.2287e+04  -2.2482e+05   2.2287e+04  -1.6803e+03            0  -7.3570e+02   9.3380e+03  -1.2821e+05   7.0828e+05
Qst :
   9.0874e-04  -2.0866e-04  -2.0866e-04  -2.0866e-04  -2.0866e-04  -2.0866e-04   2.3157e-05   1.8910e-05   2.3157e-05   1.8910e-05   2.3157e-05
  -2.0866e-04   7.2371e-04  -1.1191e-04   3.5248e-05   3.5248e-05  -1.1191e-04  -2.3467e-04  -7.7127e-05   2.3130e-05   5.5228e-06  -1.7317e-06
  -2.0866e-04  -1.1191e-04   7.2371e-04  -1.1191e-04   3.5248e-05   3.5248e-05   2.3130e-05  -7.7127e-05  -2.3467e-04  -7.7127e-05   2.3130e-05
  -2.0866e-04   3.5248e-05  -1.1191e-04   7.2371e-04  -1.1191e-04   3.5248e-05  -1.7317e-06   5.5228e-06   2.3130e-05  -7.7127e-05  -2.3467e-04
  -2.0866e-04   3.5248e-05   3.5248e-05  -1.1191e-04   7.2371e-04  -1.1191e-04  -1.7317e-06  -1.2990e-06  -1.7317e-06   5.5228e-06   2.3130e-05
  -2.0866e-04  -1.1191e-04   3.5248e-05   3.5248e-05  -1.1191e-04   7.2371e-04   2.3130e-05   5.5228e-06  -1.7317e-06  -1.2990e-06  -1.7317e-06
   2.3157e-05  -2.3467e-04   2.3130e-05  -1.7317e-06  -1.7317e-06   2.3130e-05   7.4295e-04  -1.3391e-04   9.6972e-06  -7.5820e-07            0
   1.8910e-05  -7.7127e-05  -7.7127e-05   5.5228e-06  -1.2990e-06   5.5228e-06  -1.3391e-04   6.7048e-04  -1.3391e-04   1.5726e-05  -7.5820e-07
   2.3157e-05   2.3130e-05  -2.3467e-04   2.3130e-05  -1.7317e-06  -1.7317e-06   9.6972e-06  -1.3391e-04   7.4295e-04  -1.3391e-04   9.6972e-06
   1.8910e-05   5.5228e-06  -7.7127e-05  -7.7127e-05   5.5228e-06  -1.2990e-06  -7.5820e-07   1.5726e-05  -1.3391e-04   6.7048e-04  -1.3391e-04
   2.3157e-05  -1.7317e-06   2.3130e-05  -2.3467e-04   2.3130e-05  -1.7317e-06            0  -7.5820e-07   9.6972e-06  -1.3391e-04   7.4295e-04
n : 7874
Qxy : 
   1.4841e+02  -2.0866e-04  -2.0866e-04  -2.0866e-04  -2.0866e-04  -2.0866e-04   2.3157e-05   1.8910e-05   2.3157e-05   1.8910e-05   2.3157e-05
  -2.0866e-04   1.4841e+02  -1.1191e-04   3.5248e-05   3.5248e-05  -1.1191e-04  -2.3467e-04  -7.7127e-05   2.3130e-05   5.5228e-06  -1.7317e-06
  -2.0866e-04  -1.1191e-04   1.4841e+02  -1.1191e-04   3.5248e-05   3.5248e-05   2.3130e-05  -7.7127e-05  -2.3467e-04  -7.7127e-05   2.3130e-05
  -2.0866e-04   3.5248e-05  -1.1191e-04   1.4841e+02  -1.1191e-04   3.5248e-05  -1.7317e-06   5.5228e-06   2.3130e-05  -7.7127e-05  -2.3467e-04
  -2.0866e-04   3.5248e-05   3.5248e-05  -1.1191e-04   1.4841e+02  -1.1191e-04  -1.7317e-06  -1.2990e-06  -1.7317e-06   5.5228e-06   2.3130e-05
  -2.0866e-04  -1.1191e-04   3.5248e-05   3.5248e-05  -1.1191e-04   1.4841e+02   2.3130e-05   5.5228e-06  -1.7317e-06  -1.2990e-06  -1.7317e-06
   2.3157e-05  -2.3467e-04   2.3130e-05  -1.7317e-06  -1.7317e-06   2.3130e-05   1.4841e+02  -1.3391e-04   9.6972e-06  -7.5820e-07            0
   1.8910e-05  -7.7127e-05  -7.7127e-05   5.5228e-06  -1.2990e-06   5.5228e-06  -1.3391e-04   1.4841e+02  -1.3391e-04   1.5726e-05  -7.5820e-07
   2.3157e-05   2.3130e-05  -2.3467e-04   2.3130e-05  -1.7317e-06  -1.7317e-06   9.6972e-06  -1.3391e-04   1.4841e+02  -1.3391e-04   9.6972e-06
   1.8910e-05   5.5228e-06  -7.7127e-05  -7.7127e-05   5.5228e-06  -1.2990e-06  -7.5820e-07   1.5726e-05  -1.3391e-04   1.4841e+02  -1.3391e-04
   2.3157e-05  -1.7317e-06   2.3130e-05  -2.3467e-04   2.3130e-05  -1.7317e-06            0  -7.5820e-07   9.6972e-06  -1.3391e-04   1.4841e+02
7874
7874
213819

All matrices assembled. Passing to RGF solver now.
The current date/time is: Wed Nov 10 11:06:21 2021

logdet: 39362.655857
flops factorize: 8128572100.000000
flops solve:     30078928.000000
flops inv:      15736159508.000000
RGF factorise time: 1.81345
RGF solve     time: 0.00839496
RGF sel inv   time: 0.130977
Residual norm: 2.281752e-08
Residual norm normalized: 6.086171e-15
/home/x_gaedkelb/b_INLA/data/synthetic/ns492_nt16/RGF_sel_inv_ns492_nt16_nb2_no7872.dat
after writing file 
